0 0.069556 0.346342 0.024194 0.433036
0 0.091230 0.346342 0.023185 0.460974
0 0.113911 0.346342 0.026210 0.460974
0 0.138609 0.332373 0.025202 0.433036
0 0.165323 0.360311 0.032258 0.433036
0 0.194052 0.381264 0.017137 0.391129
0 0.253024 0.346342 0.046371 0.488911
0 0.304940 0.395233 0.023185 0.474942
0 0.352319 0.437140 0.035282 0.447005
0 0.398185 0.444124 0.030242 0.433036
0 0.434476 0.416187 0.034274 0.460974
0 0.484879 0.367296 0.032258 0.586694
0 0.534274 0.325389 0.042339 0.642569
0 0.582157 0.353327 0.037298 0.502880