0 0.007056 0.144069 0.014112 0.288138
0 0.027218 0.133205 0.024194 0.266409
0 0.052419 0.133205 0.022177 0.266409
0 0.076613 0.133205 0.022177 0.266409
0 0.104839 0.160366 0.026210 0.320732
0 0.129536 0.149502 0.023185 0.299003
0 0.153226 0.160366 0.026210 0.320732
0 0.178427 0.149502 0.024194 0.299003
0 0.208165 0.154934 0.025202 0.309868
0 0.232359 0.154934 0.023185 0.309868
0 0.248488 0.149502 0.017137 0.299003
0 0.264617 0.154934 0.021169 0.309868
0 0.301411 0.160366 0.034274 0.320732
0 0.348790 0.230987 0.046371 0.461974
0 0.393649 0.192960 0.037298 0.385920
0 0.441532 0.187528 0.046371 0.375056
0 0.490423 0.260977 0.039315 0.510641
0 0.541835 0.260977 0.041331 0.510641
0 0.587702 0.285310 0.044355 0.570620
0 0.631048 0.230987 0.032258 0.461974
0 0.028730 0.815076 0.025202 0.358535
0 0.056452 0.823337 0.032258 0.353326
0 0.087198 0.855931 0.017137 0.288138
0 0.216734 0.801607 0.034274 0.396785