0 0.011089 0.165799 0.022177 0.331597
0 0.033266 0.165799 0.024194 0.331597
0 0.057460 0.171231 0.024194 0.342462
0 0.081653 0.192960 0.024194 0.385920
0 0.111391 0.165799 0.023185 0.331597
0 0.135585 0.165799 0.025202 0.331597
0 0.159274 0.176663 0.022177 0.353326
0 0.185988 0.198393 0.027218 0.396785
0 0.215222 0.187528 0.025202 0.375056
0 0.236391 0.192960 0.025202 0.385920
0 0.254536 0.176663 0.019153 0.353326
0 0.274698 0.209257 0.019153 0.418514
0 0.313004 0.220122 0.043347 0.440244
0 0.362399 0.274446 0.037298 0.548891
0 0.406754 0.258149 0.037298 0.516297
0 0.451613 0.252716 0.042339 0.505432
0 0.495968 0.252716 0.032258 0.505432
0 0.542339 0.274446 0.038306 0.548891
0 0.591230 0.263581 0.041331 0.527162
0 0.632560 0.269013 0.035282 0.538026
0 0.012097 0.845066 0.024194 0.309868
0 0.035282 0.850498 0.024194 0.299003
0 0.064516 0.845066 0.034274 0.309868
0 0.092238 0.855931 0.021169 0.288138
0 0.224294 0.796175 0.053427 0.407650
0 0.270665 0.801607 0.033266 0.396785
0 0.313508 0.817904 0.022177 0.364191
0 0.354335 0.828769 0.045363 0.342462
0 0.403730 0.823337 0.035282 0.353326
0 0.441532 0.834201 0.024194 0.331597