0 0.024698 0.310744 0.023185 0.365895
0 0.049395 0.291818 0.024194 0.378512
0 0.071069 0.317053 0.021169 0.454214
0 0.094254 0.298127 0.023185 0.391129
0 0.117440 0.323361 0.025202 0.416363
0 0.143145 0.317053 0.032258 0.403746
0 0.173387 0.317053 0.018145 0.353278
0 0.238911 0.328857 0.036290 0.657713
0 0.277218 0.316240 0.036290 0.632479
0 0.321069 0.354904 0.035282 0.555151
0 0.365927 0.303623 0.028226 0.607245
0 0.413306 0.291005 0.020161 0.582010
0 0.453125 0.265771 0.039315 0.531542
0 0.508065 0.291005 0.030242 0.582010