0 0.020161 0.739023 0.028226 0.336806
0 0.043347 0.728159 0.022177 0.315076
0 0.071573 0.706429 0.036290 0.358535
0 0.102319 0.793347 0.015121 0.315076
0 0.228327 0.741851 0.049395 0.516297
0 0.269657 0.728159 0.033266 0.510641
0 0.316532 0.720122 0.050403 0.559756
0 0.364919 0.679267 0.032258 0.543235
0 0.411794 0.777050 0.025202 0.391129
0 0.452117 0.766185 0.031250 0.412858
0 0.499496 0.154934 0.029234 0.309868
0 0.558972 0.116907 0.029234 0.233814
0 0.591734 0.127772 0.028226 0.255544
0 0.640121 0.138637 0.038306 0.277274
0 0.452117 0.127772 0.023185 0.255544
0 0.411290 0.149502 0.034274 0.299003
0 0.354335 0.138637 0.035282 0.277274