0 0.020161 0.570621 0.030242 0.391129
0 0.044355 0.565188 0.028226 0.380264
0 0.073085 0.576053 0.037298 0.401994
0 0.099798 0.608647 0.018145 0.336806
0 0.224294 0.603215 0.045363 0.608423
0 0.274194 0.581485 0.044355 0.651882
0 0.323589 0.614079 0.036290 0.499776
0 0.363407 0.619512 0.043347 0.510641
0 0.413306 0.630376 0.048387 0.510641
0 0.455141 0.624944 0.035282 0.499776
0 0.494960 0.614079 0.032258 0.499776
0 0.544355 0.624944 0.028226 0.195565
0 0.587198 0.592350 0.041331 0.586694
0 0.647681 0.586918 0.041331 0.445453
0 0.689012 0.576053 0.045363 0.467182
0 0.732863 0.538026 0.026210 0.521505
0 0.779738 0.565188 0.027218 0.467182