0 0.140121 0.143174 0.032258 0.178413
0 0.172883 0.143174 0.033266 0.178413
0 0.203629 0.145249 0.032258 0.174264
0 0.232863 0.141100 0.032258 0.174264
0 0.268649 0.145249 0.035282 0.174264
0 0.304940 0.151473 0.041331 0.170115
0 0.143649 0.674264 0.039315 0.219904
0 0.195565 0.665965 0.042339 0.211606
0 0.250000 0.657667 0.034274 0.211606
0 0.295363 0.665965 0.038306 0.203308
0 0.355343 0.661816 0.037298 0.211606
0 0.409274 0.647294 0.042339 0.182562
0 0.143649 0.946047 0.037298 0.107906
0 0.174395 0.948121 0.024194 0.103758
0 0.201613 0.941897 0.028226 0.116205
0 0.233367 0.943972 0.035282 0.112056
0 0.274194 0.943972 0.034274 0.112056
0 0.307460 0.946047 0.032258 0.107906
0 0.349294 0.943972 0.035282 0.112056
0 0.379536 0.939823 0.027218 0.120354
0 0.401714 0.939823 0.015121 0.120354
0 0.424899 0.939823 0.031250 0.120354
0 0.455141 0.941897 0.029234 0.116205
0 0.482863 0.935674 0.026210 0.128652
0 0.514113 0.941897 0.036290 0.116205
0 0.546875 0.941897 0.031250 0.116205
0 0.580141 0.941897 0.035282 0.116205
0 0.650202 0.941897 0.036290 0.116205
0 0.682460 0.937748 0.026210 0.124503
0 0.707157 0.941897 0.029234 0.116205
0 0.737399 0.939823 0.031250 0.120354
0 0.768145 0.937748 0.030242 0.124503
0 0.799899 0.933599 0.033266 0.132802