0 0.120464 0.144182 0.033266 0.159505
0 0.152722 0.154407 0.033266 0.179954
0 0.183468 0.150317 0.030242 0.171774
0 0.214718 0.146227 0.036290 0.179954
0 0.247984 0.150317 0.034274 0.163594
0 0.284778 0.140092 0.039315 0.167684
0 0.112903 0.657460 0.056452 0.188134
0 0.172379 0.655415 0.040323 0.200403
0 0.231351 0.657460 0.039315 0.204493
0 0.281250 0.673819 0.040323 0.188134
0 0.337198 0.667684 0.039315 0.167684
0 0.121976 0.945291 0.034274 0.109418
0 0.151714 0.941201 0.027218 0.117598
0 0.181452 0.943246 0.034274 0.113508
0 0.212198 0.941201 0.033266 0.117598
0 0.253528 0.939156 0.031250 0.121688
0 0.286290 0.939156 0.032258 0.121688
0 0.328629 0.939156 0.034274 0.121688
0 0.358871 0.945291 0.028226 0.109418
0 0.380544 0.939156 0.017137 0.121688
0 0.403226 0.941201 0.030242 0.117598
0 0.433468 0.939156 0.032258 0.121688
0 0.463206 0.941201 0.027218 0.117598
0 0.494456 0.937111 0.035282 0.125778
0 0.527722 0.939156 0.031250 0.121688
0 0.558972 0.941201 0.033266 0.117598
0 0.628024 0.939156 0.038306 0.121688
0 0.661290 0.939156 0.026210 0.121688
0 0.686492 0.939156 0.028226 0.121688
0 0.716230 0.939156 0.033266 0.121688
0 0.746472 0.937111 0.031250 0.125778
0 0.777722 0.935066 0.033266 0.129868