0 0.126512 0.146610 0.033266 0.228138
0 0.162802 0.146610 0.037298 0.219191
0 0.194052 0.155557 0.031250 0.210244
0 0.225806 0.135427 0.038306 0.214718
0 0.259577 0.146610 0.037298 0.201298
0 0.293851 0.148847 0.055444 0.214718
0 0.125504 0.678931 0.057460 0.290764
0 0.182460 0.712481 0.034274 0.286290
0 0.230343 0.710244 0.045363 0.237084
0 0.290323 0.705771 0.052419 0.254977
0 0.342238 0.716954 0.041331 0.232611
0 0.393145 0.712481 0.042339 0.205771
0 0.453125 0.687878 0.037298 0.263924
0 0.507056 0.701298 0.050403 0.299710