0 0.119456 0.134185 0.031250 0.163026
0 0.151714 0.134185 0.033266 0.155074
0 0.183468 0.130208 0.030242 0.163026
0 0.215222 0.132196 0.035282 0.159050
0 0.246976 0.126232 0.034274 0.163026
0 0.284778 0.130208 0.039315 0.163026
0 0.126008 0.637181 0.042339 0.230623
0 0.177419 0.629228 0.046371 0.206765
0 0.231855 0.623264 0.042339 0.186884
0 0.284274 0.619288 0.038306 0.194836
0 0.340222 0.617300 0.039315 0.238575
0 0.396169 0.617300 0.042339 0.222670
0 0.447077 0.619288 0.043347 0.218694
0 0.492440 0.623264 0.043347 0.218694
0 0.122984 0.929926 0.036290 0.140148
0 0.152218 0.925949 0.032258 0.148101
0 0.181956 0.925949 0.031250 0.148101
0 0.212702 0.925949 0.036290 0.148101
0 0.254032 0.925949 0.032258 0.148101
0 0.286290 0.923961 0.034274 0.152078
0 0.329133 0.923961 0.037298 0.152078
0 0.360383 0.925949 0.033266 0.148101
0 0.381552 0.925949 0.015121 0.148101
0 0.404234 0.925949 0.030242 0.148101
0 0.434476 0.923961 0.032258 0.152078
0 0.461694 0.923961 0.028226 0.152078
0 0.494456 0.927937 0.035282 0.144125
0 0.525706 0.923961 0.031250 0.152078
0 0.557964 0.927937 0.031250 0.144125
0 0.630040 0.923961 0.036290 0.152078
0 0.660786 0.921973 0.027218 0.156054
0 0.686492 0.923961 0.032258 0.152078
0 0.715726 0.925949 0.030242 0.148101
0 0.746472 0.923961 0.031250 0.152078
0 0.777722 0.923961 0.031250 0.152078