0 0.053427 0.576053 0.030242 0.315076
0 0.078125 0.597782 0.027218 0.358535
0 0.105343 0.597782 0.033266 0.380264
0 0.134073 0.614079 0.018145 0.325941
0 0.258569 0.624944 0.037298 0.586694
0 0.310988 0.635809 0.037298 0.630152
0 0.354335 0.624944 0.031250 0.586694
0 0.401210 0.641241 0.040323 0.488911
0 0.485887 0.570621 0.036290 0.478047
0 0.534274 0.624944 0.022177 0.434588
0 0.583669 0.597782 0.040323 0.467182
0 0.630040 0.619512 0.020161 0.423723
0 0.722278 0.624944 0.035282 0.543235
0 0.770161 0.646673 0.028226 0.412858
0 0.815020 0.662970 0.033266 0.467182
0 0.865927 0.668403 0.038306 0.564964
0 0.912802 0.679267 0.031250 0.564964