0 0.025202 0.325389 0.022177 0.419067
0 0.047883 0.367296 0.023185 0.474942
0 0.070565 0.346342 0.024194 0.460974
0 0.092742 0.367296 0.026210 0.419067
0 0.115423 0.346342 0.025202 0.405098
0 0.143145 0.346342 0.032258 0.405098
0 0.171371 0.388249 0.016129 0.377160
0 0.230343 0.409202 0.043347 0.558756
0 0.275706 0.416187 0.033266 0.516849
0 0.320565 0.458093 0.034274 0.488911
0 0.369960 0.472062 0.032258 0.433036
0 0.413306 0.423171 0.012097 0.419067
0 0.459677 0.451109 0.030242 0.447005
0 0.506552 0.479047 0.039315 0.558756