0 0.063004 0.304435 0.025202 0.379625
0 0.086694 0.304435 0.022177 0.379625
0 0.108871 0.298684 0.026210 0.368121
0 0.132056 0.292932 0.024194 0.379625
0 0.158266 0.292932 0.032258 0.379625
0 0.188508 0.321691 0.016129 0.368121
0 0.246976 0.338947 0.036290 0.471656
0 0.294859 0.304435 0.029234 0.448648
0 0.344758 0.321691 0.028226 0.460152
0 0.379032 0.252668 0.018145 0.483159
0 0.437500 0.321691 0.028226 0.506167
0 0.475302 0.292932 0.025202 0.195565
0 0.522177 0.327443 0.034274 0.563686
0 0.573589 0.287180 0.028226 0.529175
0 0.614919 0.298684 0.034274 0.506167
0 0.664315 0.287180 0.032258 0.483159