0 0.029234 0.548891 0.026210 0.412858
0 0.055444 0.543459 0.036290 0.401994
0 0.080645 0.532594 0.036290 0.401994
0 0.114919 0.565188 0.028226 0.271617
0 0.224294 0.434812 0.059476 0.793123
0 0.279234 0.516297 0.036290 0.543235
0 0.333165 0.603215 0.053427 0.434588
0 0.375504 0.630376 0.035282 0.401994
0 0.421371 0.570621 0.042339 0.499776
0 0.469254 0.570621 0.037298 0.325941
0 0.516129 0.592350 0.040323 0.543235
0 0.558468 0.576053 0.038306 0.467182
0 0.602319 0.635809 0.043347 0.543235
0 0.650706 0.521729 0.043347 0.641017
0 0.697581 0.565188 0.038306 0.619288
0 0.746976 0.472838 0.046371 0.586694