0 0.133569 0.147643 0.031250 0.198201
0 0.167339 0.145440 0.030242 0.202605
0 0.198589 0.145440 0.026210 0.202605
0 0.229839 0.149845 0.032258 0.193797
0 0.262601 0.147643 0.033266 0.198201
0 0.299899 0.145440 0.037298 0.202605
0 0.147177 0.693797 0.048387 0.303908
0 0.198589 0.678381 0.040323 0.273077
0 0.247480 0.638741 0.045363 0.255459
0 0.298387 0.678381 0.040323 0.255459
0 0.357359 0.654156 0.041331 0.268672
0 0.404738 0.698201 0.033266 0.251055
0 0.454133 0.658561 0.029234 0.233437
0 0.518145 0.667370 0.050403 0.215819