0 0.059476 0.413952 0.024194 0.594516
0 0.082661 0.390484 0.024194 0.641452
0 0.105343 0.359194 0.025202 0.547581
0 0.129536 0.351371 0.027218 0.531935
0 0.155746 0.367016 0.031250 0.531935
0 0.184476 0.390484 0.024194 0.485000
0 0.242944 0.398306 0.034274 0.750968
0 0.287802 0.445242 0.031250 0.594516
0 0.340222 0.339960 0.041331 0.679919
0 0.391129 0.531290 0.028226 0.453710
0 0.426411 0.421774 0.030242 0.797903
0 0.472782 0.484355 0.034274 0.610161
0 0.517641 0.539113 0.037298 0.500645
0 0.571069 0.515645 0.037298 0.547581