0 0.033266 0.489135 0.028226 0.380264
0 0.058468 0.521729 0.024194 0.358535
0 0.086190 0.505432 0.033266 0.369400
0 0.113407 0.532594 0.019153 0.293347
0 0.239919 0.478271 0.038306 0.554099
0 0.291331 0.516297 0.046371 0.434588
0 0.342238 0.478271 0.039315 0.467182
0 0.380544 0.467406 0.033266 0.488911
0 0.422379 0.472838 0.046371 0.478047
0 0.469758 0.461974 0.038306 0.521505
0 0.514113 0.472838 0.036290 0.434588
0 0.562500 0.478271 0.042339 0.467182
0 0.615423 0.478271 0.043347 0.467182
0 0.654738 0.478271 0.035282 0.445453