0 0.116935 0.139113 0.032258 0.161290
0 0.149698 0.141129 0.035282 0.165323
0 0.179435 0.141129 0.030242 0.173387
0 0.210181 0.141129 0.035282 0.173387
0 0.242944 0.135081 0.034274 0.161290
0 0.281250 0.135081 0.040323 0.169355
0 0.124496 0.637097 0.039315 0.197581
0 0.172883 0.635081 0.035282 0.145161
0 0.224294 0.633065 0.033266 0.173387
0 0.273690 0.645161 0.033266 0.157258
0 0.331653 0.606855 0.036290 0.177419
0 0.121472 0.930444 0.031250 0.139112
0 0.151714 0.926411 0.031250 0.147177
0 0.180948 0.927419 0.029234 0.141129
0 0.213710 0.926411 0.034274 0.147177
0 0.252520 0.926411 0.029234 0.147177
0 0.285282 0.922379 0.032258 0.155242
0 0.328629 0.922379 0.034274 0.155242
0 0.359879 0.920363 0.032258 0.159274
0 0.379536 0.920363 0.015121 0.159274
0 0.403226 0.920363 0.030242 0.159274
0 0.431956 0.918347 0.027218 0.163306
0 0.462198 0.920363 0.029234 0.159274
0 0.494456 0.916331 0.031250 0.167338
0 0.526210 0.914315 0.030242 0.171370
0 0.559476 0.914315 0.034274 0.171370
0 0.628528 0.905242 0.035282 0.161290
0 0.660786 0.905242 0.029234 0.169355
0 0.685988 0.914315 0.029234 0.171370
0 0.716230 0.909274 0.031250 0.161290
0 0.746976 0.903226 0.032258 0.173387
0 0.778730 0.903226 0.031250 0.181452