0 0.056452 0.533404 0.036290 0.267229
0 0.109375 0.529692 0.039315 0.274652
0 0.160786 0.496288 0.033266 0.356305
0 0.212198 0.570519 0.037298 0.207845
0 0.272681 0.555673 0.035282 0.252383
0 0.328629 0.533404 0.034274 0.237537
0 0.379536 0.540827 0.037298 0.237537
0 0.434476 0.548250 0.026210 0.148460
0 0.494456 0.529692 0.033266 0.319190
0 0.543851 0.548250 0.023185 0.296921
0 0.599798 0.522269 0.034274 0.230114
0 0.655242 0.544538 0.040323 0.244960
0 0.712702 0.507423 0.030242 0.304344
0 0.769153 0.525981 0.034274 0.296921
0 0.826109 0.544538 0.041331 0.304344