0 0.014113 0.453437 0.024194 0.633257
0 0.038306 0.453437 0.024194 0.670507
0 0.059980 0.462750 0.023185 0.651882
0 0.082661 0.453437 0.028226 0.670507
0 0.106351 0.472062 0.027218 0.596006
0 0.132560 0.453437 0.033266 0.633257
0 0.163306 0.500000 0.016129 0.502880
0 0.217238 0.434812 0.035282 0.856759
0 0.268649 0.453437 0.031250 0.894009
0 0.307964 0.472062 0.025202 0.782258
0 0.362903 0.490687 0.032258 0.782258
0 0.409274 0.416187 0.032258 0.819508
0 0.450605 0.431596 0.034274 0.863191
0 0.494456 0.518625 0.033266 0.763633