0 0.017137 0.462750 0.024194 0.614631
0 0.041835 0.481375 0.027218 0.540131
0 0.063508 0.481375 0.022177 0.577381
0 0.086694 0.472062 0.026210 0.558756
0 0.109375 0.481375 0.027218 0.540131
0 0.137097 0.481375 0.032258 0.577381
0 0.167339 0.509313 0.016129 0.484255
0 0.233367 0.478159 0.035282 0.956317
0 0.274698 0.527938 0.031250 0.782258
0 0.323085 0.537250 0.045363 0.763633
0 0.372480 0.478159 0.041331 0.956317
0 0.412802 0.546563 0.041331 0.707757
0 0.455645 0.509313 0.034274 0.819508
0 0.512601 0.583813 0.037298 0.819508