0 0.025706 0.711862 0.029234 0.369400
0 0.049395 0.728159 0.026210 0.336806
0 0.078125 0.733591 0.033266 0.347670
0 0.106855 0.749888 0.016129 0.358535
0 0.231855 0.766185 0.038306 0.456317
0 0.277722 0.769013 0.033266 0.461974
0 0.325101 0.779878 0.033266 0.440244
0 0.366935 0.774446 0.032258 0.451108
0 0.418347 0.785310 0.036290 0.429379
0 0.472278 0.171231 0.031250 0.342462
0 0.512601 0.176663 0.031250 0.353326
0 0.561492 0.187528 0.032258 0.375056
0 0.604839 0.149502 0.030242 0.299003
0 0.646169 0.149502 0.034274 0.299003
0 0.427923 0.165799 0.033266 0.331597
0 0.375504 0.165799 0.035282 0.331597
0 0.329133 0.149502 0.033266 0.299003