0 0.124496 0.145545 0.031250 0.186316
0 0.154234 0.154634 0.032258 0.177227
0 0.184980 0.152362 0.033266 0.181772
0 0.218246 0.154634 0.035282 0.177227
0 0.251008 0.150090 0.036290 0.177227
0 0.287802 0.150090 0.041331 0.177227
0 0.127520 0.736303 0.035282 0.231759
0 0.169859 0.747664 0.033266 0.281746
0 0.225302 0.715854 0.041331 0.245392
0 0.283770 0.720398 0.041331 0.254480
0 0.337198 0.731759 0.035282 0.249936
0 0.393145 0.697677 0.044355 0.281746
0 0.441532 0.718126 0.040323 0.231759
0 0.500504 0.734031 0.043347 0.218126
0 0.554940 0.743120 0.047379 0.227215