0 0.021169 0.673835 0.026210 0.380264
0 0.046371 0.684700 0.026210 0.380264
0 0.073085 0.684700 0.033266 0.380264
0 0.102823 0.695565 0.016129 0.315076
0 0.234375 0.728159 0.039315 0.445453
0 0.280242 0.749888 0.026210 0.401994
0 0.323589 0.744456 0.030242 0.478047
0 0.378024 0.749888 0.030242 0.445453
0 0.418347 0.777050 0.038306 0.412858
0 0.462198 0.760753 0.043347 0.467182
0 0.505040 0.777050 0.032258 0.434588
0 0.543347 0.755320 0.034274 0.478047
0 0.595766 0.728159 0.036290 0.401994
0 0.647177 0.766185 0.032258 0.412858