0 0.058972 0.362381 0.027218 0.492533
0 0.081653 0.384110 0.024194 0.478047
0 0.104335 0.384110 0.023185 0.478047
0 0.128024 0.362381 0.026210 0.463560
0 0.155746 0.362381 0.033266 0.492533
0 0.185988 0.376867 0.021169 0.405615
0 0.247480 0.449298 0.045363 0.724313
0 0.294859 0.478271 0.037298 0.608423
0 0.337702 0.449298 0.032258 0.666368
0 0.386593 0.507243 0.043347 0.666368
0 0.426915 0.485514 0.033266 0.651882
0 0.475806 0.485514 0.038306 0.593937
0 0.521169 0.463784 0.022177 0.666368
0 0.560988 0.442055 0.031250 0.622909