0 0.060988 0.376867 0.027218 0.463560
0 0.083669 0.391353 0.022177 0.463560
0 0.106351 0.398596 0.029234 0.478047
0 0.129536 0.369624 0.025202 0.449074
0 0.157762 0.398596 0.033266 0.535992
0 0.185988 0.449298 0.019153 0.492533
0 0.242440 0.420326 0.033266 0.695341
0 0.289819 0.420326 0.031250 0.695341
0 0.333165 0.384110 0.031250 0.651882
0 0.383569 0.442055 0.031250 0.709827
0 0.431452 0.434812 0.032258 0.608423
0 0.476815 0.434812 0.036290 0.637395
0 0.522681 0.405839 0.035282 0.695341
0 0.573085 0.434812 0.035282 0.724313
0 0.619960 0.434812 0.036290 0.695341