0 0.029234 0.570621 0.028226 0.369400
0 0.052419 0.559756 0.022177 0.369400
0 0.081653 0.565188 0.034274 0.445453
0 0.113911 0.548891 0.022177 0.347670
0 0.239415 0.586918 0.043347 0.488911
0 0.274698 0.538026 0.023185 0.434588
0 0.316028 0.576053 0.037298 0.488911
0 0.366935 0.630376 0.034274 0.401994
0 0.420867 0.554323 0.035282 0.467182
0 0.463710 0.565188 0.038306 0.467182
0 0.514113 0.581485 0.028226 0.260753
0 0.557964 0.635809 0.035282 0.434588
0 0.602823 0.624944 0.034274 0.543235
0 0.654738 0.592350 0.047379 0.499776
0 0.694556 0.624944 0.034274 0.456317
0 0.743952 0.597782 0.036290 0.488911
0 0.787802 0.614079 0.039315 0.478047
0 0.838206 0.635809 0.035282 0.478047
0 0.885585 0.619512 0.043347 0.488911