0 0.029234 0.521729 0.028226 0.358535
0 0.052419 0.521729 0.028226 0.380264
0 0.080141 0.516297 0.033266 0.369400
0 0.108367 0.565188 0.021169 0.336806
0 0.239415 0.576053 0.043347 0.423723
0 0.283266 0.527162 0.032258 0.456317
0 0.326109 0.505432 0.031250 0.456317
0 0.376512 0.521729 0.031250 0.510641
0 0.419355 0.532594 0.036290 0.488911
0 0.463710 0.527162 0.036290 0.434588
0 0.513609 0.516297 0.035282 0.456317
0 0.560988 0.516297 0.021169 0.478047
0 0.606855 0.527162 0.036290 0.499776
0 0.649698 0.559756 0.031250 0.521505
0 0.700605 0.510865 0.034274 0.445453
0 0.750504 0.483703 0.029234 0.499776
0 0.789315 0.456541 0.036290 0.488911