0 0.022177 0.548891 0.028226 0.412858
0 0.046371 0.543459 0.024194 0.401994
0 0.074093 0.538026 0.033266 0.412858
0 0.103327 0.581485 0.017137 0.412858
0 0.225806 0.581485 0.040323 0.434588
0 0.270161 0.559756 0.034274 0.478047
0 0.322581 0.565188 0.036290 0.467182
0 0.368448 0.592350 0.035282 0.412858
0 0.416835 0.603215 0.037298 0.434588
0 0.461694 0.586918 0.036290 0.467182
0 0.508065 0.592350 0.036290 0.478047
0 0.549899 0.576053 0.041331 0.488911
0 0.598286 0.603215 0.033266 0.456317
0 0.644153 0.646673 0.040323 0.521505