0 0.121976 0.311048 0.036290 0.257661
0 0.158266 0.316774 0.036290 0.257661
0 0.196573 0.313911 0.042339 0.274839
0 0.120464 0.708992 0.041331 0.309194
0 0.170363 0.711855 0.036290 0.303468
0 0.227319 0.708992 0.041331 0.320645
0 0.284778 0.706129 0.043347 0.303468
0 0.337198 0.703266 0.043347 0.297742
0 0.391129 0.706129 0.032258 0.166048
0 0.449093 0.720444 0.055444 0.274839
0 0.499496 0.731895 0.039315 0.297742
0 0.552923 0.720444 0.049395 0.286290
0 0.610887 0.697540 0.042339 0.297742
0 0.665323 0.726169 0.050403 0.332097