0 0.149194 0.145108 0.032258 0.174013
0 0.315478 0.140092 0.036199 0.167684
0 0.278134 0.133957 0.032075 0.171774
0 0.243768 0.140088 0.031158 0.167692
0 0.211464 0.148264 0.027951 0.165453
0 0.180993 0.144546 0.029326 0.165453
0 0.154646 0.654849 0.038948 0.200775
0 0.202300 0.680876 0.036199 0.215647
0 0.252933 0.644625 0.033908 0.213788
0 0.310667 0.658567 0.035740 0.182185
0 0.368173 0.668792 0.042614 0.206352
0 0.153730 0.931995 0.034366 0.136010
0 0.185117 0.934783 0.024743 0.130433
0 0.212839 0.933854 0.027034 0.132292
0 0.243768 0.933854 0.031158 0.132292
0 0.285466 0.933854 0.032991 0.132292
0 0.317311 0.932924 0.027951 0.134151
0 0.360383 0.924559 0.031617 0.150882
0 0.392000 0.925488 0.027034 0.149023
0 0.412619 0.924559 0.012372 0.150882
0 0.434384 0.931065 0.029326 0.137869
0 0.465084 0.928277 0.031158 0.143446
0 0.495097 0.927347 0.025202 0.145305
0 0.524881 0.926418 0.031617 0.147164
0 0.557414 0.926418 0.032533 0.147164
0 0.589489 0.926418 0.028867 0.147164