0 0.024194 0.510865 0.028226 0.467182
0 0.047379 0.510865 0.020161 0.445453
0 0.075605 0.500000 0.032258 0.401994
0 0.111895 0.521729 0.030242 0.358535
0 0.221270 0.500000 0.033266 0.554099
0 0.275706 0.500000 0.033266 0.488911
0 0.317540 0.500000 0.036290 0.510641
0 0.363911 0.543459 0.040323 0.467182
0 0.413306 0.532594 0.040323 0.445453
0 0.459173 0.608647 0.031250 0.315076
0 0.500000 0.538026 0.032258 0.369400
0 0.553931 0.586918 0.033266 0.336806
0 0.597278 0.581485 0.031250 0.391129
0 0.636593 0.586918 0.025202 0.423723
0 0.686492 0.592350 0.034274 0.412858